24
6
400 400 400 400 400 400 
40 40 40 40 40 40 
6
0 0 0 0 0 0 
0 0 0 0 0 0 
6
400 400 400 400 400 400 
40 40 40 40 40 40 
6
400 400 400 400 400 400 
40 40 40 40 40 40 
6
400 400 400 400 400 400 
40 40 40 40 40 40 
6
400 400 400 400 400 400 
40 40 40 40 40 40 
6
400 400 400 400 400 400 
40 40 40 40 40 40 
6
400 400 400 400 400 400 
40 40 40 40 40 40 
6
400 400 400 400 400 400 
40 40 40 40 40 40 
6
400 400 400 400 400 400 
40 40 40 40 40 40 
6
400 400 400 400 400 400 
40 40 40 40 40 40 
6
400 400 400 400 400 400 
40 40 40 40 40 40 
6
400 400 400 400 400 400 
40 40 40 40 40 40 
6
400 400 400 400 400 400 
40 40 40 40 40 40 
6
400 400 400 400 400 400 
40 40 40 40 40 40 
6
400 400 400 400 400 400 
40 40 40 40 40 40 
6
400 400 400 400 400 400 
40 40 40 40 40 40 
6
400 400 400 400 400 400 
40 40 40 40 40 40 
6
400 400 400 400 400 400 
40 40 40 40 40 40 
6
400 400 400 400 400 400 
40 40 40 40 40 40 
6
400 400 400 400 400 400 
40 40 40 40 40 40 
6
400 400 400 400 400 400 
40 40 40 40 40 40 
6
400 400 400 400 400 400 
40 40 40 40 40 40 
6
400 400 400 400 400 400 
40 40 40 40 40 40 
